Model: NAS-PDARTS (C_init=3, cells=8)
Parameters: 181,558
Best epoch: 195
Test accuracy: 82.73%

              precision    recall  f1-score   support

           0       1.00      1.00      1.00         1
           1       1.00      1.00      1.00         1
           2       1.00      1.00      1.00         1
           3       1.00      1.00      1.00         1
           4       1.00      1.00      1.00         1
           5       0.50      1.00      0.67         1
           6       1.00      1.00      1.00         1
           7       0.50      1.00      0.67         1
           8       0.00      0.00      0.00         1
           9       1.00      1.00      1.00         1
          10       0.00      0.00      0.00         1
          11       1.00      1.00      1.00         1
          12       1.00      1.00      1.00         1
          13       0.00      0.00      0.00         1
          14       1.00      1.00      1.00         1
          15       1.00      1.00      1.00         1
          16       0.00      0.00      0.00         1
          17       1.00      1.00      1.00         1
          18       1.00      1.00      1.00         1
          19       1.00      1.00      1.00         1
          20       0.00      0.00      0.00         1
          21       1.00      1.00      1.00         1
          22       0.00      0.00      0.00         1
          23       0.33      1.00      0.50         1
          24       0.50      1.00      0.67         1
          25       0.00      0.00      0.00         1
          26       1.00      1.00      1.00         1
          27       1.00      1.00      1.00         1
          28       1.00      1.00      1.00         1
          29       1.00      1.00      1.00         1
          30       0.50      1.00      0.67         1
          31       0.00      0.00      0.00         1
          32       1.00      1.00      1.00         1
          33       1.00      1.00      1.00         1
          34       1.00      1.00      1.00         1
          35       0.50      1.00      0.67         1
          36       0.00      0.00      0.00         1
          37       0.00      0.00      0.00         1
          38       0.00      0.00      0.00         1
          39       1.00      1.00      1.00         1
          40       0.00      0.00      0.00         1
          41       1.00      1.00      1.00         1
          42       1.00      1.00      1.00         1
          43       1.00      1.00      1.00         1
          44       1.00      1.00      1.00         1
          45       0.00      0.00      0.00         1
          46       1.00      1.00      1.00         1
          47       0.00      0.00      0.00         1
          48       1.00      1.00      1.00         1
          49       0.00      0.00      0.00         1
          50       0.00      0.00      0.00         1
          51       0.50      1.00      0.67         1
          52       1.00      1.00      1.00         1
          53       1.00      1.00      1.00         1
          54       0.50      1.00      0.67         1
          55       0.50      1.00      0.67         1
          56       1.00      1.00      1.00         1
          57       1.00      1.00      1.00         1
          58       1.00      1.00      1.00         1
          59       0.00      0.00      0.00         1
          60       1.00      1.00      1.00         1
          61       1.00      1.00      1.00         1
          62       0.00      0.00      0.00         1
          63       1.00      1.00      1.00         1
          64       1.00      1.00      1.00         1
          65       1.00      1.00      1.00         1
          66       1.00      1.00      1.00         1
          67       1.00      1.00      1.00         1
          68       0.00      0.00      0.00         1
          69       1.00      1.00      1.00         1
          70       1.00      1.00      1.00         1
          71       0.00      0.00      0.00         1
          72       0.00      0.00      0.00         1
          73       1.00      1.00      1.00         1
          74       1.00      1.00      1.00         1
          75       1.00      1.00      1.00         1
          76       1.00      1.00      1.00         1
          77       1.00      1.00      1.00         1
          78       1.00      1.00      1.00         1
          79       1.00      1.00      1.00         1
          80       1.00      1.00      1.00         1
          81       1.00      1.00      1.00         1
          82       0.50      1.00      0.67         1
          83       0.25      1.00      0.40         1
          84       0.50      1.00      0.67         1
          85       0.00      0.00      0.00         1
          86       1.00      1.00      1.00         1
          87       0.50      1.00      0.67         1
          88       0.00      0.00      0.00         1
          89       0.00      0.00      0.00         1
          90       1.00      1.00      1.00         1
          91       1.00      1.00      1.00         1
          92       1.00      1.00      1.00         1
          93       1.00      1.00      1.00         1
          94       0.50      1.00      0.67         1
          95       1.00      1.00      1.00         1
          96       1.00      1.00      1.00         1
          97       0.00      0.00      0.00         1
          98       1.00      1.00      1.00         1
          99       1.00      1.00      1.00         1
         100       0.00      0.00      0.00         1
         101       1.00      1.00      1.00         1
         102       0.00      0.00      0.00         1
         103       0.00      0.00      0.00         1
         104       0.00      0.00      0.00         1
         105       0.00      0.00      0.00         1
         106       0.00      0.00      0.00         1
         107       0.50      1.00      0.67         1
         108       1.00      1.00      1.00         1
         109       1.00      1.00      1.00         1
         110       1.00      1.00      1.00         1
         111       1.00      1.00      1.00         1
         112       1.00      1.00      1.00         1
         113       1.00      1.00      1.00         1
         114       0.00      0.00      0.00         1
         115       1.00      1.00      1.00         1
         116       1.00      1.00      1.00         1
         117       0.00      0.00      0.00         1
         118       0.00      0.00      0.00         1
         119       1.00      1.00      1.00         1
         120       0.00      0.00      0.00         1
         121       0.00      0.00      0.00         1
         122       1.00      1.00      1.00         1
         123       1.00      1.00      1.00         1
         124       0.00      0.00      0.00         1
         125       1.00      1.00      1.00         1
         126       1.00      1.00      1.00         1
         127       1.00      1.00      1.00         1
         128       0.50      1.00      0.67         1
         129       0.50      1.00      0.67         1
         130       0.00      0.00      0.00         1
         131       0.50      1.00      0.67         1
         132       0.50      1.00      0.67         1
         133       1.00      1.00      1.00         1
         134       0.00      0.00      0.00         1
         135       1.00      1.00      1.00         1
         136       0.50      1.00      0.67         1
         137       0.50      1.00      0.67         1
         138       1.00      1.00      1.00         1
         139       0.00      0.00      0.00         1
         140       0.00      0.00      0.00         1
         141       1.00      1.00      1.00         1
         142       0.50      1.00      0.67         1
         143       0.50      1.00      0.67         1
         144       1.00      1.00      1.00         1
         145       1.00      1.00      1.00         1
         146       0.00      0.00      0.00         1
         147       0.00      0.00      0.00         1
         148       0.50      1.00      0.67         1
         149       1.00      1.00      1.00         1
         150       1.00      1.00      1.00         1
         151       1.00      1.00      1.00         1
         152       1.00      1.00      1.00         1
         153       0.00      0.00      0.00         1
         154       0.50      1.00      0.67         1
         155       0.50      1.00      0.67         1
         156       0.50      1.00      0.67         1
         157       1.00      1.00      1.00         1
         158       1.00      1.00      1.00         1
         159       1.00      1.00      1.00         1
         160       1.00      1.00      1.00         1
         161       1.00      1.00      1.00         1
         162       0.50      1.00      0.67         1
         163       1.00      1.00      1.00         1
         164       1.00      1.00      1.00         1
         165       1.00      1.00      1.00         1
         166       1.00      1.00      1.00         1
         167       1.00      1.00      1.00         1
         168       0.50      1.00      0.67         1
         169       1.00      1.00      1.00         1
         170       1.00      1.00      1.00         1
         171       1.00      1.00      1.00         1
         172       1.00      1.00      1.00         1
         173       0.00      0.00      0.00         1
         174       0.50      1.00      0.67         1
         175       1.00      1.00      1.00         1
         176       0.00      0.00      0.00         1
         177       0.00      0.00      0.00         1
         178       0.00      0.00      0.00         1
         179       0.00      0.00      0.00         1
         180       1.00      1.00      1.00         1
         181       1.00      1.00      1.00         1
         182       1.00      1.00      1.00         1
         183       0.50      1.00      0.67         1
         184       0.00      0.00      0.00         1
         185       0.50      1.00      0.67         1
         186       1.00      1.00      1.00         1
         187       1.00      1.00      1.00         1
         188       0.50      1.00      0.67         1
         189       1.00      1.00      1.00         1
         190       1.00      1.00      1.00         1
         191       1.00      1.00      1.00         1
         192       0.50      1.00      0.67         1
         193       0.00      0.00      0.00         1
         194       1.00      1.00      1.00         1
         195       0.50      1.00      0.67         1
         196       0.50      1.00      0.67         1
         197       0.00      0.00      0.00         1
         198       1.00      1.00      1.00         1
         199       0.00      0.00      0.00         1
         200       1.00      1.00      1.00         1
         201       0.00      0.00      0.00         1
         202       1.00      1.00      1.00         1
         203       1.00      1.00      1.00         1
         204       1.00      1.00      1.00         1
         205       0.00      0.00      0.00         1
         206       1.00      1.00      1.00         1
         207       1.00      1.00      1.00         1
         208       0.00      0.00      0.00         1
         209       1.00      1.00      1.00         1
         210       0.50      1.00      0.67         1
         211       1.00      1.00      1.00         1
         212       1.00      1.00      1.00         1
         213       0.50      1.00      0.67         1
         214       0.00      0.00      0.00         1
         215       1.00      1.00      1.00         1
         216       1.00      1.00      1.00         1
         217       1.00      1.00      1.00         1
         218       1.00      1.00      1.00         1
         219       0.00      0.00      0.00         1
         220       0.00      0.00      0.00         1
         221       0.50      1.00      0.67         1
         222       1.00      1.00      1.00         1
         223       1.00      1.00      1.00         1
         224       1.00      1.00      1.00         1
         225       0.50      1.00      0.67         1
         226       1.00      1.00      1.00         1
         227       1.00      1.00      1.00         1
         228       0.50      1.00      0.67         1
         229       1.00      1.00      1.00         1
         230       1.00      1.00      1.00         1
         231       0.00      0.00      0.00         1
         232       0.00      0.00      0.00         1
         233       1.00      1.00      1.00         1
         234       0.00      0.00      0.00         1
         235       1.00      1.00      1.00         1
         236       0.00      0.00      0.00         1
         237       1.00      1.00      1.00         1
         238       1.00      1.00      1.00         1
         239       0.00      0.00      0.00         1
         240       1.00      1.00      1.00         1
         241       0.00      0.00      0.00         1
         242       1.00      1.00      1.00         1
         243       1.00      1.00      1.00         1
         244       1.00      1.00      1.00         1
         245       1.00      1.00      1.00         1
         246       1.00      1.00      1.00         1
         247       1.00      1.00      1.00         1
         248       1.00      1.00      1.00         1
         249       0.00      0.00      0.00         1
         250       1.00      1.00      1.00         1
         251       0.00      0.00      0.00         1
         252       1.00      1.00      1.00         1
         253       0.00      0.00      0.00         1
         254       0.00      0.00      0.00         1
         255       0.33      1.00      0.50         1
         256       1.00      1.00      1.00         1
         257       1.00      1.00      1.00         1
         258       1.00      1.00      1.00         1
         259       1.00      1.00      1.00         1
         260       1.00      1.00      1.00         1
         261       0.00      0.00      0.00         1
         262       1.00      1.00      1.00         1
         263       0.00      0.00      0.00         1
         264       1.00      1.00      1.00         1
         265       1.00      1.00      1.00         1
         266       0.00      0.00      0.00         1
         267       0.33      1.00      0.50         1
         268       1.00      1.00      1.00         1
         269       0.00      0.00      0.00         1
         270       1.00      1.00      1.00         1
         271       1.00      1.00      1.00         1
         272       1.00      1.00      1.00         1
         273       1.00      1.00      1.00         1
         274       1.00      1.00      1.00         1
         275       1.00      1.00      1.00         1
         276       0.00      0.00      0.00         1
         277       0.50      1.00      0.67         1
         278       0.50      1.00      0.67         1
         279       1.00      1.00      1.00         1
         280       1.00      1.00      1.00         1
         281       1.00      1.00      1.00         1
         282       1.00      1.00      1.00         1
         283       1.00      1.00      1.00         1
         284       0.00      0.00      0.00         1
         285       0.00      0.00      0.00         1
         286       0.00      0.00      0.00         1
         287       0.00      0.00      0.00         1
         288       0.50      1.00      0.67         1
         289       1.00      1.00      1.00         1
         290       0.00      0.00      0.00         1
         291       0.50      1.00      0.67         1
         292       1.00      1.00      1.00         1
         293       1.00      1.00      1.00         1
         294       0.00      0.00      0.00         1
         295       1.00      1.00      1.00         1
         296       1.00      1.00      1.00         1
         297       0.00      0.00      0.00         1
         298       0.50      1.00      0.67         1
         299       0.00      0.00      0.00         1
         300       1.00      1.00      1.00         1
         301       0.00      0.00      0.00         1
         302       1.00      1.00      1.00         1
         303       0.00      0.00      0.00         1
         304       0.50      1.00      0.67         1
         305       0.00      0.00      0.00         1
         306       1.00      1.00      1.00         1
         307       1.00      1.00      1.00         1
         308       1.00      1.00      1.00         1
         309       1.00      1.00      1.00         1
         310       0.00      0.00      0.00         1
         311       1.00      1.00      1.00         1
         312       0.50      1.00      0.67         1
         313       1.00      1.00      1.00         1
         314       1.00      1.00      1.00         1
         315       1.00      1.00      1.00         1
         316       1.00      1.00      1.00         1
         317       1.00      1.00      1.00         1
         318       0.50      1.00      0.67         1
         319       1.00      1.00      1.00         1
         320       0.50      1.00      0.67         1
         321       0.00      0.00      0.00         1
         322       1.00      1.00      1.00         1
         323       1.00      1.00      1.00         1
         324       0.00      0.00      0.00         1
         325       1.00      1.00      1.00         1
         326       0.50      1.00      0.67         1
         327       0.00      0.00      0.00         1
         328       0.00      0.00      0.00         1
         329       0.00      0.00      0.00         1
         330       1.00      1.00      1.00         1
         331       1.00      1.00      1.00         1
         332       1.00      1.00      1.00         1
         333       0.00      0.00      0.00         1
         334       1.00      1.00      1.00         1
         335       0.50      1.00      0.67         1
         336       1.00      1.00      1.00         1
         337       1.00      1.00      1.00         1
         338       1.00      1.00      1.00         1
         339       0.00      0.00      0.00         1
         340       1.00      1.00      1.00         1
         341       0.00      0.00      0.00         1
         342       1.00      1.00      1.00         1
         343       1.00      1.00      1.00         1
         344       1.00      1.00      1.00         1
         345       1.00      1.00      1.00         1
         346       1.00      1.00      1.00         1
         347       1.00      1.00      1.00         1
         348       0.00      0.00      0.00         1
         349       1.00      1.00      1.00         1
         350       1.00      1.00      1.00         1
         351       1.00      1.00      1.00         1
         352       1.00      1.00      1.00         1
         353       0.00      0.00      0.00         1
         354       1.00      1.00      1.00         1
         355       1.00      1.00      1.00         1
         356       1.00      1.00      1.00         1
         357       1.00      1.00      1.00         1
         358       1.00      1.00      1.00         1
         359       1.00      1.00      1.00         1
         360       1.00      1.00      1.00         1
         361       1.00      1.00      1.00         1
         362       1.00      1.00      1.00         1
         363       0.50      1.00      0.67         1
         364       1.00      1.00      1.00         1
         365       1.00      1.00      1.00         1
         366       1.00      1.00      1.00         1
         367       1.00      1.00      1.00         1
         368       1.00      1.00      1.00         1
         369       1.00      1.00      1.00         1
         370       1.00      1.00      1.00         1
         371       1.00      1.00      1.00         1
         372       0.00      0.00      0.00         1
         373       1.00      1.00      1.00         1
         374       1.00      1.00      1.00         1
         375       1.00      1.00      1.00         1
         376       0.00      0.00      0.00         1
         377       1.00      1.00      1.00         1
         378       0.00      0.00      0.00         1
         379       1.00      1.00      1.00         1
         380       1.00      1.00      1.00         1
         381       1.00      1.00      1.00         1
         382       1.00      1.00      1.00         1
         383       1.00      1.00      1.00         1
         384       0.50      1.00      0.67         1
         385       1.00      1.00      1.00         1
         386       1.00      1.00      1.00         1
         387       1.00      1.00      1.00         1
         388       1.00      1.00      1.00         1
         389       1.00      1.00      1.00         1
         390       1.00      1.00      1.00         1
         391       1.00      1.00      1.00         1
         392       1.00      1.00      1.00         1
         393       1.00      1.00      1.00         1
         394       1.00      1.00      1.00         1
         395       1.00      1.00      1.00         1
         396       0.50      1.00      0.67         1
         397       1.00      1.00      1.00         1
         398       1.00      1.00      1.00         1
         399       1.00      1.00      1.00         1
         400       0.33      1.00      0.50         1
         401       0.00      0.00      0.00         1
         402       1.00      1.00      1.00         1
         403       0.50      1.00      0.67         1
         404       0.50      1.00      0.67         1
         405       1.00      1.00      1.00         1
         406       1.00      1.00      1.00         1
         407       1.00      1.00      1.00         1
         408       1.00      1.00      1.00         1
         409       0.00      0.00      0.00         1
         410       1.00      1.00      1.00         1
         411       1.00      1.00      1.00         1
         412       0.00      0.00      0.00         1
         413       1.00      1.00      1.00         1
         414       1.00      1.00      1.00         1
         415       1.00      1.00      1.00         1
         416       1.00      1.00      1.00         1
         417       1.00      1.00      1.00         1
         418       1.00      1.00      1.00         1
         419       1.00      1.00      1.00         1
         420       1.00      1.00      1.00         1
         421       1.00      1.00      1.00         1
         422       1.00      1.00      1.00         1
         423       0.50      1.00      0.67         1
         424       1.00      1.00      1.00         1
         425       1.00      1.00      1.00         1
         426       1.00      1.00      1.00         1
         427       1.00      1.00      1.00         1
         428       1.00      1.00      1.00         1
         429       1.00      1.00      1.00         1
         430       1.00      1.00      1.00         1
         431       1.00      1.00      1.00         1
         432       0.50      1.00      0.67         1
         433       1.00      1.00      1.00         1
         434       0.50      1.00      0.67         1
         435       1.00      1.00      1.00         1
         436       1.00      1.00      1.00         1
         437       0.00      0.00      0.00         1
         438       1.00      1.00      1.00         1
         439       1.00      1.00      1.00         1
         440       1.00      1.00      1.00         1
         441       1.00      1.00      1.00         1
         442       1.00      1.00      1.00         1
         443       1.00      1.00      1.00         1
         444       1.00      1.00      1.00         1
         445       1.00      1.00      1.00         1
         446       0.00      0.00      0.00         1
         447       1.00      1.00      1.00         1
         448       0.00      0.00      0.00         1
         449       1.00      1.00      1.00         1
         450       1.00      1.00      1.00         1
         451       0.50      1.00      0.67         1
         452       1.00      1.00      1.00         1
         453       1.00      1.00      1.00         1
         454       1.00      1.00      1.00         1
         455       1.00      1.00      1.00         1
         456       1.00      1.00      1.00         1
         457       1.00      1.00      1.00         1
         458       1.00      1.00      1.00         1
         459       1.00      1.00      1.00         1
         460       1.00      1.00      1.00         1
         461       1.00      1.00      1.00         1
         462       1.00      1.00      1.00         1
         463       1.00      1.00      1.00         1
         464       1.00      1.00      1.00         1
         465       1.00      1.00      1.00         1
         466       1.00      1.00      1.00         1
         467       1.00      1.00      1.00         1
         468       1.00      1.00      1.00         1
         469       1.00      1.00      1.00         1
         470       1.00      1.00      1.00         1
         471       1.00      1.00      1.00         1
         472       1.00      1.00      1.00         1
         473       1.00      1.00      1.00         1
         474       0.50      1.00      0.67         1
         475       1.00      1.00      1.00         1
         476       0.00      0.00      0.00         1
         477       0.50      1.00      0.67         1
         478       1.00      1.00      1.00         1
         479       1.00      1.00      1.00         1
         480       1.00      1.00      1.00         1
         481       1.00      1.00      1.00         1
         482       1.00      1.00      1.00         1
         483       1.00      1.00      1.00         1
         484       1.00      1.00      1.00         1
         485       1.00      1.00      1.00         1
         486       0.00      0.00      0.00         1
         487       0.33      1.00      0.50         1
         488       1.00      1.00      1.00         1
         489       1.00      1.00      1.00         1
         490       1.00      1.00      1.00         1
         491       1.00      1.00      1.00         1
         492       0.00      0.00      0.00         1
         493       1.00      1.00      1.00         1
         494       1.00      1.00      1.00         1
         495       1.00      1.00      1.00         1
         496       1.00      1.00      1.00         1
         497       1.00      1.00      1.00         1
         498       1.00      1.00      1.00         1
         499       1.00      1.00      1.00         1
         500       1.00      1.00      1.00         1
         501       1.00      1.00      1.00         1
         502       1.00      1.00      1.00         1
         503       0.00      0.00      0.00         1
         504       1.00      1.00      1.00         1
         505       1.00      1.00      1.00         1
         506       1.00      1.00      1.00         1
         507       1.00      1.00      1.00         1
         508       0.50      1.00      0.67         1
         509       1.00      1.00      1.00         1
         510       1.00      1.00      1.00         1
         511       1.00      1.00      1.00         1
         512       1.00      1.00      1.00         1
         513       1.00      1.00      1.00         1
         514       1.00      1.00      1.00         1
         515       0.50      1.00      0.67         1
         516       1.00      1.00      1.00         1
         517       1.00      1.00      1.00         1
         518       1.00      1.00      1.00         1
         519       0.50      1.00      0.67         1
         520       1.00      1.00      1.00         1
         521       1.00      1.00      1.00         1
         522       1.00      1.00      1.00         1
         523       1.00      1.00      1.00         1
         524       1.00      1.00      1.00         1
         525       1.00      1.00      1.00         1
         526       1.00      1.00      1.00         1
         527       1.00      1.00      1.00         1
         528       1.00      1.00      1.00         1
         529       1.00      1.00      1.00         1
         530       1.00      1.00      1.00         1
         531       0.50      1.00      0.67         1
         532       1.00      1.00      1.00         1
         533       1.00      1.00      1.00         1
         534       0.00      0.00      0.00         1
         535       1.00      1.00      1.00         1
         536       1.00      1.00      1.00         1
         537       0.50      1.00      0.67         1
         538       1.00      1.00      1.00         1
         539       1.00      1.00      1.00         1
         540       1.00      1.00      1.00         1
         541       1.00      1.00      1.00         1
         542       1.00      1.00      1.00         1
         543       1.00      1.00      1.00         1
         544       1.00      1.00      1.00         1
         545       1.00      1.00      1.00         1
         546       1.00      1.00      1.00         1
         547       0.50      1.00      0.67         1
         548       1.00      1.00      1.00         1
         549       1.00      1.00      1.00         1
         550       1.00      1.00      1.00         1
         551       1.00      1.00      1.00         1
         552       1.00      1.00      1.00         1
         553       1.00      1.00      1.00         1
         554       1.00      1.00      1.00         1
         555       1.00      1.00      1.00         1
         556       1.00      1.00      1.00         1
         557       1.00      1.00      1.00         1
         558       1.00      1.00      1.00         1
         559       1.00      1.00      1.00         1
         560       1.00      1.00      1.00         1
         561       1.00      1.00      1.00         1
         562       1.00      1.00      1.00         1
         563       1.00      1.00      1.00         1
         564       1.00      1.00      1.00         1
         565       1.00      1.00      1.00         1
         566       1.00      1.00      1.00         1
         567       1.00      1.00      1.00         1
         568       0.50      1.00      0.67         1
         569       1.00      1.00      1.00         1
         570       1.00      1.00      1.00         1
         571       1.00      1.00      1.00         1
         572       1.00      1.00      1.00         1
         573       1.00      1.00      1.00         1
         574       0.00      0.00      0.00         1
         575       1.00      1.00      1.00         1
         576       1.00      1.00      1.00         1
         577       1.00      1.00      1.00         1
         578       1.00      1.00      1.00         1
         579       1.00      1.00      1.00         1
         580       1.00      1.00      1.00         1
         581       1.00      1.00      1.00         1
         582       1.00      1.00      1.00         1
         583       1.00      1.00      1.00         1
         584       1.00      1.00      1.00         1
         585       1.00      1.00      1.00         1
         586       1.00      1.00      1.00         1
         587       1.00      1.00      1.00         1
         588       1.00      1.00      1.00         1
         589       1.00      1.00      1.00         1
         590       1.00      1.00      1.00         1
         591       0.50      1.00      0.67         1
         592       1.00      1.00      1.00         1
         593       1.00      1.00      1.00         1
         594       0.00      0.00      0.00         1
         595       1.00      1.00      1.00         1
         596       1.00      1.00      1.00         1
         597       1.00      1.00      1.00         1
         598       1.00      1.00      1.00         1
         599       1.00      1.00      1.00         1
         600       1.00      1.00      1.00         1
         601       1.00      1.00      1.00         1
         602       1.00      1.00      1.00         1
         603       1.00      1.00      1.00         1
         604       1.00      1.00      1.00         1
         605       1.00      1.00      1.00         1
         606       0.50      1.00      0.67         1
         607       1.00      1.00      1.00         1
         608       0.00      0.00      0.00         1
         609       0.50      1.00      0.67         1
         610       1.00      1.00      1.00         1
         611       0.50      1.00      0.67         1
         612       1.00      1.00      1.00         1
         613       0.00      0.00      0.00         1
         614       1.00      1.00      1.00         1
         615       0.00      0.00      0.00         1
         616       1.00      1.00      1.00         1
         617       0.50      1.00      0.67         1
         618       1.00      1.00      1.00         1
         619       1.00      1.00      1.00         1
         620       1.00      1.00      1.00         1
         621       1.00      1.00      1.00         1
         622       0.00      0.00      0.00         1
         623       0.00      0.00      0.00         1
         624       1.00      1.00      1.00         1
         625       1.00      1.00      1.00         1
         626       0.50      1.00      0.67         1
         627       1.00      1.00      1.00         1
         628       1.00      1.00      1.00         1
         629       1.00      1.00      1.00         1
         630       1.00      1.00      1.00         1
         631       0.00      0.00      0.00         1
         632       1.00      1.00      1.00         1
         633       1.00      1.00      1.00         1
         634       1.00      1.00      1.00         1
         635       1.00      1.00      1.00         1
         636       1.00      1.00      1.00         1
         637       1.00      1.00      1.00         1
         638       0.50      1.00      0.67         1
         639       1.00      1.00      1.00         1
         640       1.00      1.00      1.00         1
         641       1.00      1.00      1.00         1
         642       1.00      1.00      1.00         1
         643       1.00      1.00      1.00         1
         644       1.00      1.00      1.00         1
         645       1.00      1.00      1.00         1
         646       1.00      1.00      1.00         1
         647       1.00      1.00      1.00         1
         648       0.00      0.00      0.00         1
         649       1.00      1.00      1.00         1
         650       1.00      1.00      1.00         1
         651       1.00      1.00      1.00         1
         652       1.00      1.00      1.00         1
         653       1.00      1.00      1.00         1
         654       1.00      1.00      1.00         1
         655       1.00      1.00      1.00         1
         656       0.00      0.00      0.00         1
         657       0.50      1.00      0.67         1
         658       0.50      1.00      0.67         1
         659       1.00      1.00      1.00         1
         660       1.00      1.00      1.00         1
         661       0.50      1.00      0.67         1
         662       1.00      1.00      1.00         1
         663       0.50      1.00      0.67         1
         664       1.00      1.00      1.00         1
         665       0.00      0.00      0.00         1
         666       1.00      1.00      1.00         1
         667       1.00      1.00      1.00         1
         668       1.00      1.00      1.00         1
         669       0.00      0.00      0.00         1
         670       0.00      0.00      0.00         1
         671       1.00      1.00      1.00         1
         672       1.00      1.00      1.00         1
         673       0.50      1.00      0.67         1
         674       1.00      1.00      1.00         1
         675       1.00      1.00      1.00         1
         676       1.00      1.00      1.00         1
         677       1.00      1.00      1.00         1
         678       0.00      0.00      0.00         1
         679       1.00      1.00      1.00         1
         680       1.00      1.00      1.00         1
         681       0.50      1.00      0.67         1
         682       1.00      1.00      1.00         1
         683       1.00      1.00      1.00         1
         684       0.00      0.00      0.00         1
         685       0.50      1.00      0.67         1
         686       1.00      1.00      1.00         1
         687       1.00      1.00      1.00         1
         688       1.00      1.00      1.00         1
         689       1.00      1.00      1.00         1
         690       1.00      1.00      1.00         1
         691       1.00      1.00      1.00         1
         692       1.00      1.00      1.00         1
         693       1.00      1.00      1.00         1
         694       1.00      1.00      1.00         1
         695       0.50      1.00      0.67         1
         696       0.00      0.00      0.00         1
         697       1.00      1.00      1.00         1
         698       1.00      1.00      1.00         1
         699       1.00      1.00      1.00         1
         700       1.00      1.00      1.00         1
         701       1.00      1.00      1.00         1
         702       1.00      1.00      1.00         1
         703       1.00      1.00      1.00         1
         704       1.00      1.00      1.00         1
         705       0.00      0.00      0.00         1
         706       1.00      1.00      1.00         1
         707       1.00      1.00      1.00         1
         708       1.00      1.00      1.00         1
         709       1.00      1.00      1.00         1
         710       1.00      1.00      1.00         1
         711       0.00      0.00      0.00         1
         712       0.33      1.00      0.50         1
         713       1.00      1.00      1.00         1
         714       1.00      1.00      1.00         1
         715       1.00      1.00      1.00         1
         716       0.00      0.00      0.00         1
         717       1.00      1.00      1.00         1
         718       1.00      1.00      1.00         1
         719       1.00      1.00      1.00         1
         720       0.50      1.00      0.67         1
         721       1.00      1.00      1.00         1
         722       0.50      1.00      0.67         1
         723       1.00      1.00      1.00         1
         724       0.50      1.00      0.67         1
         725       1.00      1.00      1.00         1
         726       0.00      0.00      0.00         1
         727       1.00      1.00      1.00         1
         728       1.00      1.00      1.00         1
         729       1.00      1.00      1.00         1
         730       0.00      0.00      0.00         1
         731       1.00      1.00      1.00         1
         732       1.00      1.00      1.00         1
         733       1.00      1.00      1.00         1
         734       0.50      1.00      0.67         1
         735       1.00      1.00      1.00         1
         736       1.00      1.00      1.00         1
         737       1.00      1.00      1.00         1
         738       0.00      0.00      0.00         1
         739       1.00      1.00      1.00         1
         740       0.50      1.00      0.67         1
         741       0.50      1.00      0.67         1
         742       1.00      1.00      1.00         1
         743       1.00      1.00      1.00         1
         744       0.50      1.00      0.67         1
         745       1.00      1.00      1.00         1
         746       1.00      1.00      1.00         1
         747       0.50      1.00      0.67         1
         748       1.00      1.00      1.00         1
         749       0.00      0.00      0.00         1
         750       1.00      1.00      1.00         1
         751       1.00      1.00      1.00         1
         752       1.00      1.00      1.00         1
         753       1.00      1.00      1.00         1
         754       1.00      1.00      1.00         1
         755       1.00      1.00      1.00         1
         756       0.00      0.00      0.00         1
         757       1.00      1.00      1.00         1
         758       1.00      1.00      1.00         1
         759       0.00      0.00      0.00         1
         760       0.00      0.00      0.00         1
         761       0.00      0.00      0.00         1
         762       1.00      1.00      1.00         1
         763       1.00      1.00      1.00         1
         764       1.00      1.00      1.00         1
         765       1.00      1.00      1.00         1
         766       1.00      1.00      1.00         1
         767       1.00      1.00      1.00         1
         768       1.00      1.00      1.00         1
         769       1.00      1.00      1.00         1
         770       0.50      1.00      0.67         1
         771       1.00      1.00      1.00         1
         772       0.50      1.00      0.67         1
         773       1.00      1.00      1.00         1
         774       1.00      1.00      1.00         1
         775       0.00      0.00      0.00         1
         776       1.00      1.00      1.00         1
         777       1.00      1.00      1.00         1
         778       1.00      1.00      1.00         1
         779       1.00      1.00      1.00         1
         780       0.00      0.00      0.00         1
         781       1.00      1.00      1.00         1
         782       1.00      1.00      1.00         1
         783       1.00      1.00      1.00         1
         784       0.00      0.00      0.00         1
         785       0.00      0.00      0.00         1
         786       1.00      1.00      1.00         1
         787       1.00      1.00      1.00         1
         788       0.50      1.00      0.67         1
         789       1.00      1.00      1.00         1
         790       1.00      1.00      1.00         1
         791       1.00      1.00      1.00         1
         792       1.00      1.00      1.00         1
         793       1.00      1.00      1.00         1
         794       1.00      1.00      1.00         1
         795       1.00      1.00      1.00         1
         796       1.00      1.00      1.00         1
         797       1.00      1.00      1.00         1
         798       1.00      1.00      1.00         1
         799       1.00      1.00      1.00         1
         800       1.00      1.00      1.00         1
         801       1.00      1.00      1.00         1
         802       0.00      0.00      0.00         1
         803       1.00      1.00      1.00         1
         804       1.00      1.00      1.00         1
         805       1.00      1.00      1.00         1
         806       1.00      1.00      1.00         1
         807       1.00      1.00      1.00         1
         808       0.33      1.00      0.50         1
         809       1.00      1.00      1.00         1
         810       1.00      1.00      1.00         1
         811       1.00      1.00      1.00         1
         812       1.00      1.00      1.00         1
         813       1.00      1.00      1.00         1
         814       0.33      1.00      0.50         1
         815       0.50      1.00      0.67         1
         816       1.00      1.00      1.00         1
         817       1.00      1.00      1.00         1
         818       1.00      1.00      1.00         1
         819       1.00      1.00      1.00         1
         820       1.00      1.00      1.00         1
         821       1.00      1.00      1.00         1
         822       1.00      1.00      1.00         1
         823       1.00      1.00      1.00         1
         824       0.00      0.00      0.00         1
         825       1.00      1.00      1.00         1
         826       0.50      1.00      0.67         1
         827       0.50      1.00      0.67         1
         828       0.50      1.00      0.67         1
         829       1.00      1.00      1.00         1
         830       0.50      1.00      0.67         1
         831       0.00      0.00      0.00         1
         832       1.00      1.00      1.00         1
         833       1.00      1.00      1.00         1

    accuracy                           0.83       834
   macro avg       0.76      0.83      0.78       834
weighted avg       0.76      0.83      0.78       834
